02280
15056
15465
17532
18241
05570
07583
06882
13300
10570
01568
09879
17606
04018
11243
17972
13604
13732
13224
00520
09058
05224
14441
03815
12580
10898
11084
16605
18648
08608
09981
17164
08174
13553
05998
01041
15685
10247
13076
13186
17905
11265
07697
13090
18186
07605
12440
13558
00325
01417
16123
05692
09136
06773
16953
12139
00474
09897
14312
14861
12441
00161
00380
18953
14928
04977
04311
15470
09497
04488
09710
04231
16149
16387
05705
10523
04391
17002
07183
13574
15154
07925
12209
11984
15647
17759
10521
13812
15639
11087
12404
13981
15197
17388
13929
06936
07211
15793
03412
08977
16145
10716
15479
04100
17042
13474
09938
16918
07371
12642
17347
07390
10982
17451
02940
14410
09382
13846
12313
00367
02423
13885
16770
10939
06878
17664
14346
08917
04144
14048
17686
14215
15545
09738
13720
12400
04663
00773
05397
01766
01420
11595
03452
15440
04998
17441
15696
06885
12464
03318
15059
07870
11605
18052
01309
14366
04195
01400
01912
03102
09060
09954
12847
04989
03275
01884
08940
13236
16115
12470
10202
10456
08216
08250
06869
17216
16688
14104
00645
09007
03402
09230
13936
00765
02930
06106
01970
16441
02954
15376
17951
18680
00368
00277
07283
01734
09387
07187
10891
00777
04675
06620
12028
12000
01000
18694
15290
01268
08071
13845
04353
00154
12347
17860
07894
14198
05812
02577
12335
05279
12743
05153
03876
14317
08785
06528
18565
17418
07954
13007
13256
13414
17135
02490
16756
14902
03329
09776
08743
11355
11978
05609
10935
11165
01768
11501
18948
01773
07391
00747
16032
01979
13201
04291
06011
09746
03191
10585
18884
13386
10197
11721
03879
05740
17796
09772
10574
10530
17998
10054
12705
00037
14099
11728
12553
07383
18272
12655
06799
05514
00584
08299
08683
13087
03370
09266
05429
13667
10782
12515
03532
03729
00162
14399
02895
16497
09451
04421
11055
18154
12984
09059
12186
13380
01770
08002
11092
16694
17428
09460
17677
17961
14408
14069
18729
07060
06832
11003
16469
12621
15592
15275
02098
16972
14458
18092
13251
02487
05601
08560
05758
04024
09364
01001
06490
11838
01104
18661
17603
14279
17717
07335
18121
13690
07577
10146
05342
01926
10016
09590
07186
13269
15126
04124
11078
12659
14988
03460
18073
12068
10227
12602
12301
08862
01930
17000
09450
14167
17853
17778
17950
07379
02488
05557
02762
16657
14272
15941
18296
05795
18536
03979
15452
00332
09320
15023
00153
18508
04377
05621
10606
15893
09770
05525
06351
01706
03459
13447
04771
12884
10726
11244
12408
17810
10914
07189
17296
07536
10374
06826
08594
11335
13435
03862
02708
02422
11035
05868
00990
03298
07272
12592
06042
00789
00653
12835
09858
15995
02979
02332
17792
17570
06424
10179
00125
09021
11039
15406
12673
12465
13453
16042
05992
16577
09144
18027
17624
09568
14165
00528
16860
15409
00451
19148
17152
03873
06543
05574
16275
10065
00674
01295
18633
14771
01949
05695
08877
15281
13681
04714
00027
09366
11155
08271
16085
06186
06772
12756
17651
16373
01238
16369
14880
10139
16759
10405
04422
05935
05576
14691
04163
00206
10775
03448
16355
10329
10624
00678
02658
01146
06645
10827
13849
19114
12378
17557
06800
07548
14576
04307
09352
11591
16652
01348
07417
06820
16640
01280
10299
16199
07969
11327
04087
04718
10410
06932
16572
12663
17079
05872
13888
19120
08861
10831
14153
10318
15174
11334
03809
18344
11347
08703
00158
03207
11680
04066
13228
12947
03353
18819
12458
16952
04992
12318
01582
04133
13488
10071
11529
10561
05131
10306
16651
13367
16346
00069
08012
00795
11351
00725
08294
03568
04671
01221
09634
12023
04380
10934
11008
17292
04688
00392
11715
16714
02677
03864
03748
06822
03473
04549
05353
03355
06829
12304
12541
17660
10768
04225
04930
09495
15282
14817
05367
17054
11466
02928
15395
02150
16463
07439
11645
10081
19098
07641
16049
16798
16195
08771
10594
02634
15466
09314
05270
17299
09170
09184
13609
06262
18857
03647
13735
05416
00108
13220
13593
09260
02299
03895
18454
00234
05734
17685
00447
16893
08847
17690
18248
01915
10312
18977
09549
08091
09029
17194
12383
17213
12236
13475
05997
12293
10526
12396
16096
04069
00164
00492
15671
12590
13353
00507
03937
00910
03015
13336
14284
11979
16260
08770
00275
13259
11927
08619
06717
08990
10731
01630
08587
03241
07501
06479
01743
08492
06453
05658
15355
13861
13234
00135
15066
06241
16168
08832
10333
12511
01098
09180
13884
05450
04329
06603
06431
16825
15602
01032
08704
15843
13599
07164
10162
10595
10875
06956
13254
02976
13903
13734
02143
11017
01765
05385
12491
08918
14232
14696
00981
13194
02419
06746
12826
17862
04807
03100
07412
01168
01762
00925
08681
05927
09759
08182
07042
02467
04384
13977
02034
04647
12638
03975
18997
17767
12117
08496
13577
17668
14273
09496
12478
17204
16043
05916
03196
07110
16809
02424
01657
01716
14087
11840
04347
09438
07343
13765
09047
04724
00924
18886
17379
14065
01777
19019
18794
02333
17979
04740
16166
05702
03824
01640
06040
06974
03506
03823
12763
11382
09795
15745
12147
13645
16721
10040
01846
05366
13639
14995
15145
13743
02486
03214
03345
07141
16512
05231
13565
01456
15128
17499
07173
12071
16162
11570
16687
14573
16179
01292
02588
07906
16116
16121
10980
18157
01783
06947
04788
13412
06069
16314
18909
03010
02919
09016
16840
10094
16007
13538
13673
13852
02973
13407
00257
00385
11849
07406
18740
15223
01261
11211
00237
10689
17322
08428
13472
08854
07047
06838
03587
16448
17396
13627
02317
11110
05313
02045
13705
02615
09315
19081
11166
16673
05259
07210
12357
13231
17144
01226
13089
17981
09376
13543
11054
04322
03396
06601
04141
11630
17195
13967
04316
06224
14361
07245
07637
04189
01491
17421
13850
07108
07336
05703
13382
18764
16197
02890
08189
09468
05786
01918
12599
15182
11321
13489
02217
09079
15790
17621
17389
00044
15287
00624
16934
15357
09212
15342
17151
17500
07948
00705
15110
11400
07443
12148
03140
13195
09816
05551
04202
15550
07080
13721
05563
08074
00422
05516
13805
07321
11918
16930
13198
13654
02151
17859
16969
18395
17297
07310
17914
01722
05578
11968
05790
13332
09071
09751
06325
10753
16198
18768
17965
16902
07402
16975
14077
14319
06075
13932
04629
16752
13630
00516
14403
15459
13372
08025
04650
18495
12593
01547
14275
08531
00196
07696
08195
08512
14749
10163
00554
09065
03718
00875
03352
05523
13479
18094
08166
17921
05319
02227
01423
01469
04219
14577
02194
18569
13214
13239
05070
08116
11870
06510
09724
04147
08932
19036
12467
02652
17540
10927
13159
18140
10375
18254
03427
07118
00902
12669
03208
12414
03029
10006
07353
10055
16370
00560
13762
06933
15442
01528
15132
09777
17550
15907
18357
08576
04519
11517
12921
02479
13597
13919
01108
03153
13056
01548
06774
01609
15015
01553
00312
06209
09444
09229
14804
10472
15934
16675
09194
15609
18664
03535
10141
02824
07289
17754
13737
11788
14221
15600
10438
16698
18374
14175
13404
12345
09034
14257
10108
07841
13522
15083
15806
02044
06633
01626
07733
03268
12631
06542
08971
02703
10236
07195
14176
15400
04366
12272
02408
18820
18111
04607
03674
17092
07903
07680
12864
13104
13598
04669
13130
04981
03226
13698
01697
10565
05303
07768
04552
10749
04813
01673
12011
11199
13140
06536
01109
16380
03994
00065
06730
04680
05625
17815
18682
02706
02047
09249
04973
10278
14842
10588
18285
06233
14178
17627
05774
17210
17282
12542
04487
18476
17088
07657
09550
09979
00493
06712
16254
17912
00547
05954
04241
11386
15814
14014
15185
14395
08324
16170
19128
09760
06949
13276
15846
12308
08819
15149
17647
03492
13707
16246
02468
01187
02480
06643
14026
04573
04837
13530
17055
16345
03504
11268
06805
13227
06002
03366
17069
03220
18413
09484
06990
01099
00400
02482
00867
08416
06178
08988
18061
04106
02572
19121
17393
00814
09937
17618
00602
06657
16100
15740
05839
07586
17362
12474
07150
14742
00131
05058
02828
13296
11758
14454
03517
09074
07992
17844
10504
18120
10520
16184
01725
05264
10131
15438
12582
00660
15187
08751
12644
12951
10206
15181
03006
13146
07659
07938
17969
02474
12694
07769
07130
12525
06533
10688
06153
04566
10033
13457
18377
09378
08789
13247
01416
02493
18210
11430
05295
02064
02591
02788
07016
07050
06184
03261
12401
14936
09593
16385
18673
01827
16150
15736
09953
13546
12954
00921
04362
08017
02048
04243
16827
03364
13896
05677
19134
16057
13351
09488
00314
07766
06485
04719
06802
03328
18103
04888
00626
12486
11051
18496
18750
03126
10304
05773
17626
06825
04113
08714
01120
08148
17099
16707
10285
06993
10022
00926
13328
10632
09023
06009
01051
06455
14277
04308
16807
07909
12548
17165
02286
10062
09820
09037
12311
13096
08729
06715
08656
09533
17051
08535
01551
04911
15345
18612
10671
11116
14579
01922
10188
09410
06694
05489
03238
06142
08325
09511
13641
15862
18187
13149
16667
18083
16249
15886
07913
14122
15684
05216
04600
14463
11944
07049
10790
04242
12226
17093
00740
08893
04826
04936
02847
03839
14362
11903
05062
11806
06784
10479
07423
09325
01729
04855
16265
13540
07943
14020
07813
10250
16164
00143
05095
16292
11989
18313
10587
08210
03836
00514
03769
12062
10279
05981
08836
12776
13947
05519
14169
10371
14661
08755
15636
14211
05887
07255
14617
00676
13390
10705
12012
01122
14831
13829
03910
06814
10936
15408
04708
15336
13532
06494
13908
18628
12783
10164
01155
14444
17985
03907
11526
15105
00305
17710
10970
15587
06423
03431
10036
11361
06744
03742
08014
12330
03115
15070
10056
05180
01944
07617
11722
15237
12288
02839
19093
04378
13871
16890
08574
12805
17665
19057
10811
13650
11112
12431
09097
10244
03949
17414
07995
08799
05687
04205
00807
13230
17882
05282
11716
05638
13128
00504
11582
10322
04625
17041
05909
03752
09487
13391
18134
17611
12871
07208
10806
08211
06557
17638
05925
04899
11509
15729
09555
07261
04727
02046
02750
16550
19099
13741
10634
13970
17843
02031
18631
05323
01173
06749
02329
05690
02063
16554
13493
07267
07294
09036
04620
19100
17669
10235
08154
11900
17335
14196
14960
07114
13405
11850
05903
11564
13401
10177
06968
12717
09901
18036
12800
07531
08019
11790
06997
12523
06162
13410
16674
16574
04042
04135
01207
13108
00269
01665
00594
16416
03202
15733
04236
16978
09265
14981
09043
09349
14966
00099
04747
18516
06441
11302
01873
09473
12585
13081
07530
10435
16900
07474
17236
14269
08463
07253
12785
00973
17709
07707
12840
07591
12627
08634
04252
04656
10255
13184
15055
10638
11115
14888
12821
02934
04750
08843
17833
02554
09530
04908
01530
01346
06185
18060
01952
07122
05376
10072
03562
01080
12843
12681
13937
17208
13471
13278
16829
00389
05712
12506
08073
16358
08848
10284
06766
00444
11216
07891
06371
13880
09310
16077
08616
07262
17743
00093
05496
13046
04056
08390
08543
03339
14506
07156
10123
13523
13241
09142
12386
00703
01769
12106
00764
15918
01832
08968
12687
12587
02083
01319
15123
17590
10959
03312
06481
10380
07019
01712
15461
07451
11197
04711
12919
14173
02216
06613
03814
02680
12039
17599
00610
16478
16039
04183
10396
17711
15868
05800
15431
12409
15468
11102
14250
17262
11677
09991
11641
08111
11552
17159
01297
12026
05263
13415
06165
06173
07279
09100
14043
09264
01869
15323
11887
00613
00781
07251
03451
15786
02101
12133
16174
03198
10292
11670
00036
10484
12771
07961
07610
17785
14757
18167
05853
18976
08277
14979
18591
14185
09947
01574
09073
13068
07736
13467
02111
16319
02039
14719
13745
05194
16976
08548
16551
04396
12956
07588
04315
01858
03820
12116
05743
18660
13448
12881
18207
02689
08684
02206
16702
04255
06845
02872
05842
17821
11667
12792
01713
11175
09095
13069
15897
01224
12114
06634
06607
16450
09563
12664
07224
13859
09504
00612
05277
17223
18626
10888
11931
13508
11242
01872
11631
06228
14416
12286
05346
14501
00408
01330
13292
05273
05602
06931
06807
13483
10586
17222
14911
14973
16802
07027
05908
18056
08584
17458
08606
13728
12670
09002
00256
03840
03271
06704
03941
06394
02927
14024
06569
13644
13569
16891
03161
15530
09811
18381
12930
11378
15199
03761
11481
02614
18446
08393
01801
09717
14490
11727
02372
04286
16308
16303
14212
07334
04379
03628
02176
10463
01461
14512
09025
12924
04004
12435
10535
10212
13642
09888
03170
11845
18110
13018
05833
17804
13718
11961
15467
10070
07622
06754
08788
14567
14422
09492
08001
07513
03981
09081
07422
01443
15595
13039
06834
03192
13827
16467
03173
03593
17370
11861
11773
11578
17573
10137
14599
04712
06707
14736
14788
10437
17719
09054
17534
01365
00387
08046
14951
15664
18099
16103
07762
13012
05213
18646
02134
12032
13427
07772
03544
00471
06024
02298
00186
02834
09810
14158
14812
15346
03397
03850
00608
03745
13582
15391
02514
13853
03861
05196
05426
11405
02279
01758
00673
08262
02765
07594
13373
15635
14997
12812
10360
07523
11210
05152
11005
01057
15611
06656
08357
03063
15539
04510
09655
11366
08444
07199
15750
15839
10701
18043
09970
01386
17739
08321
07046
13904
00871
12140
02156
04392
15330
17617
10673
03007
08423
08136
14721
08959
06322
04575
09072
05883
12508
14115
14159
08048
07036
17571
05824
08070
18247
12294
05657
11193
08581
12583
13144
11997
11493
08053
11600
11277
05788
08298
06737
17386
07242
11917
05929
13418
07669
08322
07973
10427
11867
10706
07831
08218
16922
10548
11170
08247
11872
16583
13154
00899
01658
15150
01831
14942
10210
09688
13809
09248
10143
05864
17769
01851
11550
15984
08438
04694
12535
16708
12433
04309
00712
09337
12191
00386
13633
16006
04313
17057
11024
19015
07001
10150
09782
06672
06874
18760
13124
03831
18065
12770
11460
13916
01564
18545
12874
10485
04530
11695
11402
11514
11066
14499
11297
17232
11932
12205
00355
02035
10525
10547
02880
13436
16194
16865
12628
11266
17708
17832
04162
17552
17447
17145
07619
00976
01376
01838
00304
05698
16359
04649
06444
17900
08674
11742
02505
02402
00205
07462
17940
15294
06779
15064
03251
04903
15559
09571
01144
18256
14371
00311
11573
16316
10140
02243
08859
18089
19083
14477
16209
14107
18335
07557
02287
18531
09502
18093
13910
12203
06697
01905
05694
11650
08566
05275
10660
13034
09420
16869
11082
00021
14523
11254
01591
11075
10876
15245
07254
09262
12889
17515
01840
13733
16341
07771
09309
13441
18009
17569
11314
11886
16241
07407
15196
10295
17834
16155
09392
15491
04283
01774
14243
07221
08179
02158
03612
14046
16682
04691
13524
14913
00962
18547
10630
12766
07233
05252
13867
05617
06311
08023
09569
04368
17811
18440
02344
13082
01571
13978
13445
00599
03078
07089
00088
04590
06545
10833
01437
04350
11401
12290
15219
17818
02135
12113
13325
12697
14461
04614
12284
15625
08124
04810
07425
15496
18537
11427
07574
12788
09232
04999
11131
10663
18543
17766
08976
12399
13334
05686
07724
01590
15525
16062
04239
13559
03367
09093
19104
10075
18019
17461
08391
04107
01129
07351
02854
11433
09778
04145
06103
01973
05835
16435
17306
02315
01901
09582
11612
11627
07364
18277
01035
17695
12854
05918
03888
05910
08975
02056
12729
17991
16367
04658
06806
07780
08553
01412
16352
03315
15555
14524
05374
08478
09560
17304
08579
02720
18860
04895
17471
16200
01269
15889
05098
14839
00756
06126
10747
01704
09581
13026
17608
18656
18649
01617
08349
03203
03503
15456
12739
02925
06857
16582
17056
15487
13286
18799
06713
18005
08922
07683
16847
06757
03610
12145
03747
16826
15369
12959
06909
11854
00935
10629
07476
14658
08021
14029
03619
18988
02836
12274
19140
01385
02907
02908
00517
14133
06983
07585
18365
00618
15857
11624
07200
01485
16272
04858
03508
06961
09421
13285
14199
11412
13615
04995
07612
16628
02507
03687
17978
02415
10808
06191
07302
13514
11963
00511
09635
06130
07013
14666
07198
16128
13250
18219
07615
06943
09428
05158
04879
03973
17968
05591
10356
02197
03127
13223
08488
07146
00770
06676
12282
03324
12961
07773
03885
10995
13985
13694
18390
18798
09235
07325
09663
01293
18184
16114
09268
12810
02312
16136
17770
06753
12287
03877
05828
11681
02665
07004
00372
13383
11837
02567
01803
17913
03269
10248
00145
10625
15218
08954
18250
18251
05841
11698
13206
17634
05636
02033
04689
07193
13956
10421
12823
11865
09048
11499
05972
09996
01961
10414
15864
17894
07668
10785
02040
13777
14952
18873
10618
01593
06226
06236
06868
11176
18148
15258
10759
02692
07369
13430
11477
10890
02712
01808
17227
03162
14775
17619
12726
01487
16109
02648
03901
15606
04806
02916
17060
06433
02457
08596
14505
13883
06614
12656
15028
16129
04619
05870
05852
05401
15500
09864
12798
06303
13129
06551
17537
07776
16193
02272
01558
00040
08717
03435
12931
18926
13258
01561
11528
00967
06771
16253
06889
05575
05170
07553
01775
13189
12312
15820
18610
18644
12862
13084
18168
00823
02450
03048
18409
19157
05948
15240
17924
15172
01071
14170
11881
09547
12213
14745
00991
07918
02766
11803
08740
06535
17628
17085
13766
13444
04268
04925
06906
14264
13856
10778
16013
18601
16350
16151
12886
04388
15953
08235
01242
07162
02132
11821
17286
13459
18058
10358
09055
18431
14201
18468
08392
13452
11046
10780
02335
11304
13778
12966
06957
15570
11474
03597
01778
12749
04227
07701
13655
02719
04253
10145
01102
09741
06926
16968
13362
06756
09817
12243
05320
12382
02921
04081
14716
00414
11431
09380
16709
01730
15076
12811
16018
16927
08466
12221
08128
09333
18983
04132
06451
17488
09567
07458
05897
07930
10529
17402
13713
10476
16914
16189
17974
02841
07694
11336
13243
04690
02545
18221
11568
16270
15453
11224
14681
12536
18293
11684
07410
01010
12132
10528
10661
04486
07392
07167
17561
10023
12713
06809
02502
16181
13519
15835
18551
05798
13326
06550
02011
03045
12698
15952
11283
16266
07867
16535
00580
18742
14082
04994
18302
12779
14285
08142
05804
12605
13314
16500
00370
12600
12809
07468
10372
00760
04312
12189
16515
06043
03425
02522
07820
08858
00243
01567
10791
16701
07836
06358
03810
09084
01435
08943
01895
03176
10607
07714
08214
11652
01169
08329
13370
03374
03599
01465
05729
07292
10496
14300
08867
01052
11700
12968
01837
17424
08223
12915
10708
12650
12200
13900
14120
04586
04773
11463
06731
08793
12390
06663
11440
15335
16503
12107
16608
13432
03235
14878
17835
11945
12499
12255
15255
13050
10138
14863
11397
02026
12164
05205
08215
09664
00032
12904
02853
02676
10608
14429
02793
09507
11909
05247
08661
11899
10170
14254
13279
17190
00194
18954
06515
15985
12392
12502
01306
10365
15735
02799
10309
13191
12029
06683
02245
07367
05975
11682
15106
01625
18192
13975
05976
16876
11676
00852
01628
16885
10173
14330
18796
03860
10151
06061
01943
13676
09345
12710
06967
03807
03138
17137
18170
09799
10511
03851
10815
15309
03209
06718
02234
17117
14984
04457
04889
15535
09510
02300
01538
13858
14609
18068
16940
09773
04843
00424
02256
18659
08242
15242
07662
00236
04343
09948
11391
07401
17219
12594
16309
15836
04245
06976
13649
03151
07323
00136
01700
14800
18232
17281
16908
16460
14907
14632
13596
16916
16852
18053
06022
12220
14345
16443
18350
05164
14855
08747
13607
05963
14823
18998
10258
05843
17524
06759
15144
10204
03194
14418
09972
14084
07320
18082
00766
09602
00106
12223
12807
08991
18066
15314
14241
18307
08876
10639
14575
12588
01138
07595
05587
12398
02532
16465
13706
11179
12648
08730
01506
04266
06045
00187
17598
04221
07171
18063
14180
07450
14950
11120
12775
02920
18072
15159
11062
15944
05756
09046
10034
17918
13486
10201
10172
08281
16573
17592
09124
09733
12343
00140
11759
01438
08925
04098
10631
16278
08348
06096
17185
13135
05198
13879
10695
14054
18070
14610
04013
14289
09341
14296
01085
05458
03124
08762
18104
19080
15983
07539
15478
14967
07346
03249
15095
04079
10583
02784
18507
07787
02429
05787
16368
02003
03887
08716
16264
17648
12970
02218
11894
09483
15436
11152
05000
12066
16511
11713
12234
11748
07142
13774
03351
09200
01391
13674
13515
13583
06450
04006
03297
17597
05744
14184
00667
12342
10653
12361
06512
14717
01615
01350
16768
14663
06635
10111
16564
10804
17997
12315
09591
03072
18759
14021
15177
14157
17774
18394
00649
01723
03964
16419
10053
00688
05966
12778
18314
03456
00048
12733
05965
12979
00720
17692
14053
09091
09201
14605
15399
13346
11817
04666
07143
17824
06971
13628
17289
07597
16392
15311
04668
09186
01249
16755
17546
00968
11363
13428
04642
04743
15780
07194
17406
13992
07252
12894
07884
17975
07203
02772
01947
02598
15945
01751
15980
08966
11816
11825
14870
04102
05964
00191
12526
09893
03992
09783
18709
12994
15619
14826
13686
13823
07426
11390
08995
00885
05808
17160
05348
06679
09281
02451
15447
02339
13640
10148
09206
04988
09090
18405
18774
14589
00965
14420
11470
00986
16161
04074
03999
00208
04282
03995
03908
11374
18627
19017
03974
15227
03640
16897
02659
08290
18088
00216
17212
11846
04395
12527
05577
00128
11558
14875
01662
00391
16597
01993
16526
15224
05782
13731
18330
10906
15304
04536
01871
17104
07927
15623
10518
16568
16680
10494
06929
05408
11236
15445
11890
17814
09250
18654
10699
03592
16255
17757
02813
00086
01890
05504
10943
10154
01644
04082
03041
00572
13787
15561
02454
14129
09381
08280
15728
01049
07833
00404
05820
18355
14820
11555
07225
17949
08870
09167
10156
04756
10793
12475
05566
14874
11697
10777
01325
14225
14258
13476
03889
01426
11096
15293
16941
07249
04080
02726
08013
08141
17068
11640
11100
12505
17906
17575
06981
13938
04632
06819
03983
07079
13830
14355
11829
17518
10301
06900
07048
18156
08186
00072
07565
15033
06646
14545
17756
15288
19039
19049
12741
07032
06511
06253
12880
10133
09111
18835
00365
17760
07280
12815
03641
14735
05341
17487
10628
17479
15876
04445
01999
04049
06160
14033
06905
18955
12034
08830
12302
10911
10353
07854
02341
04698
01565
18642
16427
09162
00958
02524
12469
16111
03565
18195
04152
16833
10783
12419
13394
01686
18214
17199
03894
04730
13982
15142
11360
00224
14701
02258
06004
18229
02320
00689
00716
17947
09369
17206
10076
05783
16868
06506
13261
02330
06716
02661
04173
08176
09455
04449
01540
12873
02283
05656
06081
18402
07161
00293
18427
10290
05298
16611
06734
06475
15344
07188
18418
00845
18724
11953
14901
02837
05646
14940
02801
12677
05796
18327
10909
06702
16252
12558
15141
01204
15396
17682
07017
13399
18006
19136
10280
12828
02264
04428
18084
16758
11419
03906
06554
18403
04876
13771
02144
02238
14595
17241
10443
17932
00242
07435
02694
01956
15312
06848
03845
07116
02209
10493
04222
02521
12519
12905
11010
14620
18641
00538
02768
14337
08052
00137
18165
10990
07977
17470
04215
16831
00757
18017
04655
16772
18754
05474
11884
11213
01550
18639
04112
04621
03695
15805
05073
05447
16451
12618
09360
05006
02470
09851
01113
05861
10648
10975
00701
09213
18681
18200
06588
12532
03233
02390
17578
18874
15402
17207
04704
05495
03944
17513
12724
03847
04678
07864
09675
16984
10134
04657
18228
13988
06447
16581
07278
05986
08107
13782
16853
06396
03035
11030
12615
11709
09943
01254
12035
05555
00869
13726
06568
04926
06132
08261
14481
11167
11753
06727
11004
17701
05707
02456
02717
13612
10674
16689
06118
17103
18000
01737
13531
04177
17140
12277
01237
17248
00743
06708
08944
10901
12089
18800
04320
10266
02497
10824
03844
06762
10107
09931
16684
11124
13617
00105
00872
06722
05663
09873
07448
10736
18198
16473
05845
17045
13539
13665
03288
18968
01849
05921
16690
16157
12473
05942
05735
17980
13943
18090
08998
00178
11593
13434
11831
11958
06148
09471
06664
07447
10714
02142
07463
03943
05971
03631
16580
07890
02857
11189
08232
18086
04385
11171
13537
08837
12127
15554
11513
17101
12522
15668
12256
11468
01382
03134
09308
05446
17398
11248
17166
02756
10930
15454
11897
09020
01703
04371
10063
15919
13870
17440
10418
04533
07260
07230
03714
04959
01560
02420
00549
07760
12635
15441
14859
14365
02399
09175
07158
04094
05725
02433
12817
02806
07201
03356
09463
16751
09898
08980
10211
04300
15999
13495
18898
16091
07238
02407
10155
09026
18216
11249
15541
03193
12517
08948
15932
17982
18500
09174
18597
03125
07569
18521
12990
15648
05518
02798
18358
02803
02605
11678
16875
05793
17217
06778
00817
11614
17623
01076
09986
08412
11772
13702
11104
13979
16806
15423
01875
04126
16779
17098
10620
05649
00726
11484
06764
16590
02301
07740
06446
00198
11706
06018
09259
13950
10270
07756
02171
16845
15884
05784
13016
03856
15216
07730
16585
13568
10122
14970
13397
09160
09960
12438
15848
09661
18310
12732
13926
01518
07446
04825
05375
17463
04664
09327
15322
08180
17542
10423
11000
18126
10735
05681
16158
14286
10324
12971
16267
04941
15257
04738
07882
05506
07258
12983
13647
01603
11270
19145
13237
18123
03365
15148
10971
00466
15203
12981
09969
08175
11998
10319
05045
03668
10922
11623
15654
05573
10129
10161
02682
12041
02443
00138
12922
02155
09044
01117
15435
07040
11506
13481
06032
10925
06580
16028
06598
00230
16056
04184
08986
13764
06928
11566
06795
09045
08517
09027
06673
01940
17755
16797
12316
02022
00878
13456
09723
17989
02635
16126
11495
13951
13477
03030
13182
12844
03458
14295
11467
03878
01805
03009
16962
11303
13839
15349
01695
00767
05645
05521
10953
01345
09298
01557
08846
08549
11702
14471
18519
07222
12925
15518
08339
02373
15680
18575
01902
16019
18320
04779
13020
15547
14460
09831
18224
18323
01239
12158
05627
13354
04387
02148
08896
10448
15236
01034
05473
04203
00258
04659
03333
02428
05612
09263
00458
15942
06520
17390
10041
00604
15107
06085
02617
14785
07990
12222
12067
10090
04820
07942
11863
08880
12937
04996
01431
04570
10697
04681
15738
03853
06099
17196
05432
11057
18129
08831
13242
17700
04327
03911
07359
03579
10568
04390
15638
12892
16037
10821
08792
05460
08204
12878
16152
12310
16213
00278
13701
18621
18993
08119
14910
03179
03008
14200
18018
06870
08295
11478
07491
15370
01234
09092
00928
14705
00728
18196
12115
03357
16957
12129
03510
06821
05299
10128
03457
10012
10921
02942
00960
11164
02531
00182
17635
01599
04025
15482
17043
04404
16939
18348
10307
07500
17469
09764
16692
07763
00067
07332
12837
17632
13253
06271
13783
08662
07568
11225
06783
18776
14161
07508
02042
06072
13712
06052
04638
09878
04406
17957
11625
14872
06440
12820
01095
10464
14746
06029
12752
13038
08839
14303
09551
15775
07465
18020
17466
07174
13983
07900
03643
00047
16210
07362
10488
18542
18051
02795
01418
11925
10794
02226
03447
08955
14443
09141
10545
10121
15407
00113
02167
08956
07775
18441
18062
12457
11399
12043
17476
09098
01971
08105
13110
12095
04067
18388
16705
04641
03890
05505
01848
13470
08159
17354
05689
00557
12992
00966
10436
04317
18288
10895
16557
05456
03155
13381
00842
13987
16122
14626
07236
11921
06068
14150
12723
17549
11204
15462
10074
13059
11058
16375
14732
07598
11471
07145
03400
16141
02757
07381
02764
09500
15261
07218
11269
12706
05867
07152
10300
17375
01349
01444
10581
11261
05801
06517
17084
15317
10598
07989
05452
00794
10623
17058
17221
14290
16290
17596
15598
07571
06354
08607
05877
12501
08629
08978
05679
08240
04874
08570
15410
16146
07734
12923
17888
17680
13831
04971
00150
06216
03002
11743
18031
06041
03272
06071
00643
17353
07420
17910
06776
16645
02338
18311
06817
08405
10223
00248
13993
05558
02550
16169
11015
02102
10450
15594
06092
03311
07674
16130
08627
13689
06163
04754
17374
13818
17601
00133
10755
00736
03245
03808
13361
12643
11943
17492
12259
06038
13709
06518
03265
06770
17880
05807
07318
02829
17741
10657
13010
04729
12112
11524
10158
06392
14293
15926
18193
01468
13547
06008
06410
17923
06348
17376
08692
01788
01980
00038
19150
00829
14237
04709
01664
14357
16494
10652
08700
06183
15171
03216
12877
04078
13909
02005
07608
14421
04240
16248
12338
12619
03621
15812
10557
14376
18478
11853
05906
01392
11032
09833
12395
00473
06172
05905
11962
02077
12134
08829
13572
08398
05958
02295
13708
13897
08856
12975
08192
03316
16475
07552
07828
03795
17324
09971
06907
12083
09234
02508
18530
03445
00609
12646
11832
02188
10996
09061
16002
14650
01248
03657
08389
15451
04425
18139
11795
11286
02023
09612
06023
13781
07248
01014
14302
06083
09985
04667
06991
11671
01264
06445
17366
12427
05409
08098
10770
11576
00556
09286
13865
15471
06793
17401
02426
17790
08097
08293
04595
10869
05866
07603
04943
16118
06127
17136
07941
03146
16377
12303
12596
05508
01637
09411
10477
04684
13541
10233
06046
01008
06998
01205
03969
06741
15397
07727
02232
15038
08255
15586
04111
01007
07919
07483
16498
12611
17786
17341
08623
18497
06720
08718
11130
16479
13029
11496
11040
15744
11797
15404
05760
01781
12935
11437
16693
09850
15124
12263
16456
15417
01823
13989
18579
14270
12819
08682
02594
00337
05308
12264
10302
14298
13729
12750
09247
11420
04715
13502
07883
06404
15303
18481
13468
09220
02687
00755
17224
13652
12418
05149
06034
03822
02192
05821
07959
13262
04198
10862
12932
03253
17269
16562
13273
15960
10159
18384
01543
03591
18096
10745
03123
03699
02696
10084
01595
16120
01531
00897
15008
02650
13575
12989
12305
13738
04039
16438
04665
09435
00666
05728
04155
04299
18801
01845
05130
00877
03411
11896
12934
03602
09693
09156
16031
13528
01298
00461
17544
08335
18054
18389
18679
15183
02668
00051
19101
14143
06850
18667
19006
17102
00541
16148
06982
10599
15682
02311
09736
15360
07526
08474
06610
11693
11162
18197
06407
04985
14871
12893
00104
01201
09989
13270
15610
02649
07693
05590
09414
05985
06210
19034
00172
15164
03095
08774
10330
09053
04158
14227
10399
18259
18788
02358
09422
09193
17745
00895
18477
09379
03982
04542
14415
13917
08964
04190
07931
16749
18973
12793
17357
09839
13603
01136
17355
13309
12869
08981
16949
13621
16297
04587
08353
10195
03212
19067
15383
09583
05848
18674
07182
04399
14101
01244
06916
18410
13747
10920
02355
04130
14769
17937
11294
01191
04635
05257
10272
08206
07053
07063
04577
02271
15283
02495
05522
05310
09965
12832
18050
12920
15536
11454
08049
12521
11607
08595
02068
11761
01655
02485
06811
10296
18282
02683
19139
11494
02570
01258
02815
12586
04933
13058
01605
10551
01954
00485
18901
01288
02269
10514
16828
11516
02145
10728
07444
18095
17311
08578
14734
07934
03475
01323
04870
16748
11012
18152
04244
05082
12152
10579
15426
10700
04987
00360
01271
05261
16059
14291
01562
09401
13797
17346
17731
16669
09425
17126
04232
11613
13320
15572
02638
12709
04376
09780
01650
04720
01322
08721
12824
18603
09293
10132
10838
09761
04651
10987
15274
12660
17732
02466
03236
13624
09062
04599
13233
12346
16426
05581
19001
10676
14238
13297
02092
09670
07030
10261
13324
16566
02871
03675
06775
11679
07232
15295
01291
12912
10857
12546
12094
08447
14564
07290
12241
15284
00419
17583
11011
15481
04238
04639
15169
04615
01219
15628
12575
15334
10641
15085
17926
18215
00405
10052
10142
06541
07670
05156
00816
08863
00252
09129
16176
14527
03440
18701
19016
17275
01170
01733
00686
12509
19129
02053
04777
18720
04090
04134
09656
09152
03188
10941
15352
07879
04741
00611
05016
15205
12667
14510
11284
01056
18758
05137
15263
04407
18834
16105
17799
13561
09217
14249
04601
08058
16311
00381
14030
18174
08151
02032
01554
08878
00344
11787
13181
18369
01247
11799
08665
07800
04430
01228
01639
18635
16862
15597
10837
01710
01994
05550
01252
18231
04608
13163
17718
16284
02187
08078
11579
18969
16192
13905
15540
11482
05974
03540
17384
14873
17301
11796
07421
09477
06405
01663
11045
04524
07215
10655
00523
04576
04191
12298
13890
17430
17134
10383
06883
00217
00553
09788
04420
04778
18164
16011
05969
12666
12167
03234
17543
02961
19141
18220
03717
07106
00282
12232
10483
05873
05161
10590
01744
13739
06843
02444
16591
10732
08181
11259
17308
11322
03206
18143
05498
10788
08945
14781
08835
11299
01411
16676
07466
14064
17890
16839
12701
12955
16686
08871
12374
04370
10337
11186
06632
07808
10442
11085
17267
00762
16357
14488
09732
07358
09478
10678
18522
12323
06970
00907
02699
04802
01799
12001
07445
10447
05960
07987
14965
08853
17490
10288
05854
05825
04801
12952
06131
02729
13255
12918
15165
07908
04861
06895
02646
13461
05730
18629
17902
07083
08287
18373
01232
02494
06003
12333
00809
06655
14035
10412
04852
03884
00279
07153
07127
07378
05891
09577
10439
15850
10945
15981
12415
06729
09854
10702
07231
09862
05616
02705
00350
18779
15879
14937
12365
04873
11938
07043
16706
04372
07804
17676
16905
07288
04644
06590
04351
04974
14856
17407
08857
07373
02240
10985
16220
14098
05490
10957
12777
04791
09539
11406
14130
14078
00579
18609
13465
02168
11324
11813
18102
06047
17883
15139
02058
03787
04492
10882
07282
02489
03794
01661
14146
00508
14171
12078
03082
01287
13455
03157
17919
15588
08089
01137
05512
05637
16594
04119
10640
14941
01844
01863
07317
18363
18010
12253
02027
07691
01638
00211
11367
06677
05956
07675
12914
08826
15714
14023
10800
00802
14276
14119
14242
14883
04092
04539
08100
04780
05225
13425
13226
01266
10636
08887
00988
10225
17698
17593
06920
08923
07974
11515
00429
18077
11740
18690
00174
07202
14206
13288
07424
09519
00892
03819
05818
14262
08624
09585
12215
17675
01037
02401
00562
11141
12936
11417
16434
03205
06243
10205
15326
09662
17930
15962
05025
07395
04438
07103
08055
17581
15316
07375
01978
09419
08910
10609
05358
10513
02922
17330
04005
13960
18571
12608
15437
05434
17944
06781
04878
10378
01534
16618
06408
02220
15379
10774
01480
14484
15200
13316
13019
04534
13837
06935
12838
13260
17395
11006
19107
10949
16571
15413
12834
11174
02108
09883
05847
12801
07865
18151
16388
12557
09808
04301
12054
06082
12417
06114
11639
00771
09241
09951
06792
09068
00184
00719
02377
03211
14222
08577
05772
03213
14908
10758
05318
13393
02382
06844
09357
12285
06786
18263
03021
02307
07074
13666
11458
00874
08573
13469
16087
13411
09008
10719
07166
11580
11985
17703
16273
18961
18560
08710
04834
06892
07291
17081
15698
07204
12033
17482
11866
06501
14388
08122
04096
16956
02242
03004
13074
11295
09289
11134
07111
05595
10080
04234
13844
11069
01536
03218
08680
06478
08483
04774
02738
16813
14591
07998
01243
10994
06742
10571
09258
18947
05907
03793
11192
15691
11154
02491
18177
01787
10742
03705
14470
12121
17716
07185
11928
11128
04525
16750
05316
06048
05858
02898
06295
15469
08364
11745
07582
02496
08289
06308
07770
12520
02962
15351
11545
16322
01211
13357
12052
03160
00078
00984
17215
17250
04766
18753
02700
00464
08394
05755
16305
10746
03354
15584
04456
00157
04969
09882
01824
09399
03935
17367
17639
15552
18118
15616
17907
17973
06051
02246
05644
10393
10461
18039
01691
09075
15405
12454
11910
13860
19115
18173
14638
08470
06025
07257
05993
10232
12179
17679
14016
12448
18387
07219
16291
15443
04912
13716
15415
18362
05441
18527
02028
08920
14676
07160
01296
01186
06462
11262
18534
08621
11779
10315
18665
03336
05827
18676
18967
17803
18533
03156
00698
09437
06960
01151
16274
09832
02713
11276
02442
03361
12159
05104
14457
15914
09743
07456
05079
18544
07266
18472
09028
03516
10813
05781
12044
05904
13166
02365
06005
07400
13389
06700
06231
06502
10352
11050
12842
11436
19054
01419
05659
02389
16884
02822
02740
01984
14288
06090
02104
07028
12629
05547
17861
16225
00240
13518
04166
02394
08979
04033
08045
11674
19085
08471
02711
12910
00721
11729
01989
07256
14011
08157
19042
14114
04154
10495
08526
04654
11847
10613
07922
18770
08994
14113
06158
16910
03217
01991
00796
04101
03940
04224
18510
00858
09290
15186
04125
03169
18520
09967
04109
03852
02089
02288
14464
13906
06113
13463
10818
05171
12513
05596
15151
00846
10741
12787
03025
04295
06054
12634
16258
10617
17445
02248
11392
10508
06547
13682
06181
10109
18261
06461
18208
15510
18161
03665
02278
02917
17202
05405
10539
12437
04324
17813
01432
04129
13526
18501
12950
11288
03090
03067
01793
11505
15562
00784
04398
01471
17497
16381
16671
17391
05994
05304
08875
13437
19075
18691
07214
12141
10217
02731
06977
09459
04723
13648
09070
19038
04281
08108
01267
08514
03891
10341
18688
07052
02067
09474
03244
05805
06925
13898
19035
07169
02770
02476
16132
08441
10149
17588
12466
13826
15433
05105
09041
05493
12859
01870
13057
15062
15365
07357
08987
18246
09703
04121
10787
04319
09835
15800
09665
06556
13664
17713
14890
01951
01604
04887
15193
07593
02823
19111
12907
18632
01572
11862
06164
18353
07165
12439
14783
15483
14613
08605
15384
11707
12022
10424
07953
13696
12211
06393
09838
15593
04416
07388
18848
10021
17560
10828
02252
08062
11184
06887
06053
01819
07276
00614
15020
09453
02391
04461
05806
13605
07205
15378
12065
08706
15556
07840
14256
02697
15642
02747
13857
00595
10834
08311
07101
17849
16873
07235
09501
05736
05559
09056
15418
04171
09050
13927
10649
00775
11986
18556
15096
12516
01270
07437
18034
08450
14136
18590
07228
15163
06049
04739
17070
13746
07168
13009
16570
18980
07991
17893
18258
10127
09467
16803
14102
18442
15016
03225
04605
00985
05027
16251
17478
14217
00980
09895
14980
03785
14073
10037
01684
02261
02163
03453
14982
18345
09358
04318
04696
10505
16188
10919
00349
04653
05951
18284
04617
13968
01490
12857
13915
04760
11480
11939
09603
06881
04382
14899
07784
17865
06078
11438
15731
13948
14174
13122
09087
04065
13310
06747
06139
03171
10422
03186
18269
05077
15549
13742
05322
11135
14584
07758
09231
04596
15296
02149
17678
01584
13922
06678
13449
12402
05879
07551
04201
05005
12476
12296
06443
14234
05780
17167
14012
18839
04230
11088
13815
13369
10969
18218
19055
13887
14841
04782
14368
01451
13810
04789
02724
13395
13836
05802
16973
02909
06057
05665
11038
05920
17988
16147
18308
01602
11592
07554
13340
07939
18253
07081
10926
14930
07471
18385
11675
10051
05564
03358
04755
00558
01433
18525
01789
11002
04114
09328
04512
03754
15340
07172
00738
11227
14615
00169
03584
18572
03892
13912
00057
08093
13520
17294
14071
09821
01589
17852
17182
03918
16293
17417
07859
09869
18493
18029
09702
16858
06316
07413
04187
08787
08790
15823
10214
15428
15509
14236
12570
13272
01579
09274
06867
02671
17847
13317
11522
02229
10814
16208
14218
17452
12946
15044
15450
09393
04352
13126
17958
08916
16820
07352
07947
13901
19002
05710
01807
10549
03900
05893
18949
08219
06880
13014
11338
00905
03131
06030
09001
11777
14606
04021
11320
05438
06886
00622
04412
05844
16595
04838
04088
17481
02675
00100
10675
08664
14478
02015
00883
11228
00253
11122
13579
11911
15001
12927
02702
15350
11819
06989
09538
13338
07324
15963
17359
16670
10807
08359
06265
12046
05738
00300
03818
10503
16068
06456
05750
04258
18287
10867
12794
00983
10384
19135
13761
07924
14354
12394
17533
12230
02499
15220
13071
18625
04616
02950
09005
14625
10274
19021
02849
05469
00561
02172
12514
09151
15212
02796
01834
14466
15915
13460
15176
02473
03948
11133
09447
01307
09791
03413
10231
06091
15372
11923
14904
14324
17594
10884
15348
07151
18647
01497
04799
16556
15457
12122
14246
07026
05568
04636
06951
07033
08297
05262
07459
11604
12289
17688
06859
02977
09311
07735
07777
18178
10878
17116
02066
12790
12079
08963
14301
07592
14060
16234
17658
08614
08852
08410
07473
01359
00803
10962
07511
12803
04706
08385
11869
02906
05761
04734
18778
09537
07901
04578
09597
05233
06978
08433
10025
14479
17538
15533
03252
13480
13864
13145
13509
02678
17096
12958
02980
14086
07981
10200
17016
02816
06927
11895
01193
11802
04045
03581
14455
09032
04932
10977
10115
07277
13249
15430
10153
06944
01632
18235
01347
15507
08104
15998
12876
07338
15439
08822
09589
15560
08508
11575
03603
12885
13225
03227
09011
17723
04157
18833
16945
12245
06128
05517
08468
12149
08657
01290
07752
16538
17750
04670
17666
17553
06340
07892
01948
09125
09707
13011
03773
03423
04574
13162
10544
14494
12909
11967
13618
11562
12851
09187
11864
12969
07830
02669
18598
09114
09362
13101
07802
08868
18885
15401
17234
17026
17115
05145
13629
18985
03442
18469
18655
03174
05693
08439
00192
14670
16038
13933
16788
16300
06908
15448
09957
09470
16016
14116
15922
10323
06470
15505
02478
05586
00593
09570
01653
18349
15131
14118
17798
02483
09283
03036
01421
11852
10771
18407
07246
11127
01860
14525
19007
18289
15235
00600
06788
16553
04893
01759
10737
10093
01389
15495
17525
01624
04325
03465
13004
02316
05151
17580
07155
04263
08065
03531
07472
16710
12504
03486
07895
14425
08034
03291
01152
09196
11634
05771
18153
17252
04731
13339
10403
05855
13680
11699
17555
00978
13377
11594
04817
17779
05258
02268
09279
16660
12736
11177
17277
13808
16396
10020
17064
07157
17520
04400
15499
17802
16510
01449
13183
18169
12808
16824
04646
09313
13663
02573
08727
10654
09990
18361
08841
08895
08158
03978
00435
10480
11220
13876
18180
00283
06938
05020
16525
15566
05846
10490
13589
16404
03696
05875
10580
04543
00031
10060
18972
11559
09794
10119
01608
08591
02504
07031
18636
06064
11161
10596
01545
10874
18226
15673
05999
04068
13287
18057
08467
03264
11885
05721
11741
07803
09542
08890
10645
15329
04860
00227
11590
16699
13426
18693
14533
07926
12261
08038
18757
06952
02133
04332
17738
10253
14992
17641
01835
12926
01396
18439
01814
10228
16527
10684
16279
04146
00843
06544
09704
02952
01709
12387
07147
05232
18230
02868
05466
00201
12295
12090
07702
11536
13363
02951
10381
14274
10682
03567
15860
09651
06296
03148
17793
15739
08851
12406
00963
17001
11656
16493
10124
11421
07308
18524
02205
14836
11714
05717
09291
00671
07176
00672
09066
12690
06823
06401
10298
07581
10367
18150
12550
09004
09404
04618
13093
14723
16218
03649
13342
11601
18922
04142
12169
12683
18663
16656
05203
03479
01303
04864
00550
11892
07737
13748
14618
10364
06560
03154
02844
00969
17157
10626
10680
03177
05733
17186
13921
01708
10803
13337
06523
10103
04757
04811
18356
15338
11072
17545
16461
17198
00933
16516
11776
03262
09576
05996
11554
11118
16040
07807
12563
16131
06519
13976
10816
14854
12281
13053
06735
13586
18706
10406
04417
15940
12309
12845
05126
06709
12609
15228
08358
06415
16790
07602
13677
18383
15777
01208
10593
12110
05527
09267
04186
16024
10672
03583
12721
08642
09545
00379
15710
04535
11491
01474
03854
17971
08313
04744
02551
18962
12879
08749
08534
08236
04786
13678
16622
18943
04701
15972
18461
12143
06630
01294
10017
11077
10592
03145
15994
05869
08791
12235
10979
07438
09434
11683
04761
09042
05672
18670
06685
07226
15147
10517
05321
06436
02449
17462
15764
08997
11916
16552
08796
16180
16070
07566
15624
09204
15531
06813
05871
14964
04237
10600
00564
01806
04363
04321
13017
13123
13022
15233
00364
19030
01302
13564
15422
09003
06888
04683
11929
14818
12320
07433
15546
13570
07078
13600
03585
19056
03576
05207
16483
02771
09338
13208
04151
13454
13498
08752
18176
07928
19028
01515
07180
02342
15564
04592
03875
04604
16201
08666
03303
15548
12730
13365
15392
03956
13265
04235
09731
06527
12485
17702
10604
17772
16021
06750
13416
01537
14405
04290
16163
01341
12278
10230
12196
12818
08564
04271
04123
01791
12977
03081
07678
16108
02162
02169
10104
07710
04783
11173
02025
12963
05155
12450
14574
00700
00142
15114
01968
17960
10117
00880
12279
05230
02157
10118
05911
13063
17138
10169
13051
12038
17659
09588
19044
18566
18697
05085
02575
02418
03524
17385
10311
09766
02685
17714
10445
06084
08542
16491
16783
12428
16205
05053
03947
09774
02303
19084
18677
10761
12292
14912
05826
09992
05222
10670
08865
18912
05362
16563
06890
05100
15251
12720
10187
00617
05477
17205
01566
16872
02364
07636
02075
17233
11527
00591
16153
17616
08462
16489
17987
17067
05181
17736
00758
18692
13529
14961
18067
00185
09520
16816
13814
17310
07738
12163
03958
01594
04768
00286
01906
17816
11731
11022
13061
00873
02664
18699
09868
17807
18364
09720
15324
18863
09499
16072
09049
09993
18001
16298
14865
15065
05874
18492
15097
11530
09540
19029
06903
18695
04036
07009
04179
01246
00563
10819
05373
13487
18622
01055
11747
08919
12595
11857
18614
16681
10283
17781
02096
05622
03027
16030
09094
18732
05562
01533
18490
11198
18185
11904
10713
13825
18813
07940
00369
08133
02029
03788
17879
10198
05932
13398
04120
10560
13396
12671
15788
04381
05022
09775
04868
09939
15331
14552
16837
07269
13715
19097
18091
14630
10601
14926
10913
04103
00189
07067
05260
00682
12084
10998
08030
17589
02673
06975
05407
12604
10614
11215
07087
01542
06705
11556
13330
07509
00413
10720
17591
18032
05389
14815
09130
13512
04439
08064
09033
02257
17936
06315
02710
05775
14892
09038
10611
15912
05742
14809
06531
06877
14358
01332
10984
10218
09318
00749
15603
05919
16347
00085
11642
08842
14475
16609
07579
16857
07397
12943
02910
13213
17661
15225
05166
19026
14725
14123
06198
11569
17784
06487
04827
00263
06464
02843
18087
19062
01527
14976
18797
11587
10809
01379
10894
03054
16996
08016
15306
01342
12407
05579
06835
01780
04797
00896
11565
11187
18108
08824
00695
05431
09278
12613
07434
06017
15651
14214
01689
00543
05554
15778
15157
09227
10125
09701
10533
11878
18127
18274
01405
04076
15982
16212
05988
17112
04001
12716
10462
13492
19046
02222
05797
06608
15779
06858
07361
00134
00652
09964
19154
19060
16662
10208
13284
06847
15152
09785
04710
02250
06195
02374
00787
08160
18179
11455
10234
12906
02655
14096
15474
17318
07041
10373
06994
17630
16029
03922
01047
05549
05945
15037
08020
18513
18137
07783
13494
10363
11117
12831
03120
10449
11704
18097
01427
13804
01112
11073
04348
02878
13946
17946
17768
07271
12445
07652
06213
08022
07398
01236
16624
15332
04859
07209
06810
14187
07705
12227
06816
08171
12887
13403
06060
08282
12597
16901
17976
18887
05961
04551
13048
09691
08031
17954
01257
09354
09933
18411
05955
02036
10904
16615
07416
03678
13899
09161
01647
06950
00683
18979
01084
10956
07635
06682
07721
11462
18678
11056
16374
08849
03553
01556
07234
03600
14906
00070
15573
17494
16165
07872
06831
16838
14160
12933
04136
14384
04413
17620
04633
18775
07611
14811
15366
16961
03835
04108
14268
14299
13601
02198
07190
15874
05719
03414
14753
15987
05714
14962
05565
10398
14651
17720
05163
03463
06169
11188
05823
00737
03550
15229
13691
11913
11701
01251
04679
18420
00697
12908
10434
04229
13670
17697
10411
14378
12782
06175
18190
13661
11544
18864
00089
15455
05189
04409
09822
02776
06777
17576
06314
18657
00481
07250
06050
01507
05390
06055
00317
17226
03274
16841
12928
09535
07284
02688
07240
14437
06248
16268
05197
10563
05837
12911
13930
08753
06056
11060
03257
00200
10915
04287
02667
16602
15485
09015
12610
13067
03469
07263
02745
02571
02539
15109
18342
01403
13848
01133
04648
12503
17150
05509
13333
18240
09261
01340
02410
17508
13658
18594
08872
13799
03955
08372
15650
00156
05387
12781
06830
01719
05355
18117
01745
05959
04652
08437
02196
02548
04437
10944
05899
07085
09082
03343
06791
11064
18443
06156
10400
10429
13581
11836
10098
17797
09069
18702
04735
08539
04865
03575
13595
18486
16909
06986
00546
07454
18257
13136
05497
01950
16133
13388
08340
13118
02943
15446
05352
14224
15429
04934
02714
01586
13928
10386
11665
16529
08309
15657
12150
04073
18382
09921
14583
13751
05513
07946
11616
01701
14767
03789
12786
11859
05675
02974
04305
06782
16142
06794
13232
17556
08057
12707
00632
02219
18936
19138
11622
04099
06767
06282
06591
11724
09395
16470
09024
14207
10721
15472
05745
01888
04622
05667
08537
00884
07051
06891
11751
08985
18147
11780
17467
14093
12225
11070
13552
12744
12964
08435
00173
08346
16998
03733
18858
10199
03263
15202
05325
